K =  7.67248E+01
tao =  5.69284E+01
L =  1.60002E+00
Kp =  5.56481E-01
Ki =  3.20003E+00
Kd =  8.00008E-01
