K =  2.00000E+01
tao =  5.14712E+01
L =  1.60015E+00
Kp =  4.72590E-01
Ki =  3.20031E+00
Kd =  8.00077E-01
